1050000010
1050001370
1050001380
1050001510
1050001520
1050002290
1050002300
1050002760
1050002770
1050003990
1050005720
1050005730
1050005860
1050005870
1050005880
1050005890
1050006520
1050006530
1050006850
1050006860
1050007000
1050007010
1050007060
1050007070
1050007260
1050007270
1051131830
1051132340
1051115240
1051137960
1051118600
1051118440
1051046480
1051038740
1051035300
1051014470
1050992050
1050991900
1050982060
1050929860
1050918230
1050901700
1050901710
1050008110
1050008470
1050008480
1050008570
1050008580
1050009010
1050009020
1050009130
1050009140
1050009170
1050009180
1051299770
1051299560
1051285320
1051289610
1051289620
1050009460
1051358080
1051355040
1051363500
1051360960
1051360840
1050010040
1050010590
1050010600
1050011120
1050011130
1050011180
1050011190
1050011420
1050011430
1050011500
1050011510
1050011530
1051447890
1051443690
1051430830
1051398950
1051431950
1051382440
1051378400
1051418880
1051347100
1051347090
1051451560
1051453390
1051457550
1051387160
1051478770
1051376970
1051369690
1051369590
1051413460
1051412560
1051409070
1051487960
1051400740
1051400750
1051466490
1051423960
1051408090
1051405300
1051428790
1051419860
1051419980
1051377550
1051377560
1050011670
1050011960
1050011970
1050012020
1050012030
1050012210
1050012220
1050012540
1050012550
1051584690
1051576130
1051548220
1051548750
1051552590
1051569100
1051571670
1051577000
1051576990
1050012600
1050012680
1050012690
1050012810
1050012820
1050013070
1050013080
1050013950
1050013960
1050014220
1050014230
1050014370
1050014380
1050014490
1050014500
1050014920
1050014930
1050015030
1050015390
1050015400
1050015560
1050015570
1050015630
1050015640
1050015720
1050015730
1051620200
1051626200
1051609270
1051608790
1051604130
1051601200
1051601190
1051629430
1051628760
1051623250
1051616280
1051608870
1051608860
1050015860
1050016760
1050016770
1050016850
1050016860
1050017350
1050017360
1050017390
1050017400
1050018110
1051455270
1051440140
1051417260
1051415100
1051415020
1050018130
1050018310
1050018320
1050018410
1050018420
1050018860
1050018870
1050019010
1050019020
1050019180
1050019190
1050019270
1050019280
1051327880
1051340390
1051344010
1051369030
1051369020
1050019430
1051262550
1051251910
1051244140
1051228680
1051210720
1051214450
1051173010
1051163840
1051142520
1051129360
1051235290
1051248590
1051248600
1051103500
1051094100
1051093980
1051052770
1051015610
1051115180
1051125130
1051037320
1051040200
1051040300
1051266120
1051273520
1051279010
1051265730
1051259200
1051315940
1051250790
1051250830
1051366570
1051366720
1050020050
1050020240
1050020250
1051157500
1051145730
1051147340
1051115250
1051115150
1050020580
1050021110
1050021120
1050021220
1050021230
1050021340
1050021350
1050021440
1050021450
1051032360
1051004180
1050967880
1050955790
1050955650
1050021510
1050021910
1050021920
1050021940
1050893000
1050870030
1050909040
1050846020
1050827030
1050888070
1050874640
1050755960
1050747470
1050839560
1050839280
1050736280
1050742280
1050741380
1050694130
1050669460
1050680480
1050677950
1050677960
1050668760
1050635010
1050577760
1050515500
1050514030
1050513230
1050513090
1050603880
1050652110
1050683010
1050690130
1050710380
1050696660
1050715100
1050715340
1050737110
1050761260
1050761270
1050022430
1050022910
1050022920
1050023020
1050023030
1050023050
1050023060
1050023130
1050023140
1050915990
1050842700
1050821060
1050803510
1050792830
1050792840
1050786860
1050709030
1050709280
1050023310
1050023890
1050023900
1050023950
1050023960
1050024070
1050024080
1050024310
1050024320
1050024870
1050024880
1050025000
1050025010
1050026210
1050026220
1050026800
1050026820
1050571900
1050565270
1050583100
1050606570
1050632050
1050633360
1050667560
1050619390
1050677890
1050671560
1050576090
1050562490
1050646360
1050560730
1050560870
1050634970
1050634800
1050027420
1050027430
1050027440
1050027450
1050027630
1050027640
1050027830
1050027840
1050027920
1050027930
1050241300
1050246640
1050289910
1050274610
1050274490
1050028710
1050028960
1050028970
1050029430
1050029440
1050029700
1050029710
1050029810
1050030220
1050030230
1050030450
1050030460
1050031290
1050031300
1050031570
1050031580
1050031860
1050032150
1050032160
1050032170
1050032180
1050032600
1050032610
1050032670
1050032680
1050034170
1050349680
1050506690
1050514520
1050513570
1050531400
1050538430
1050645140
1050648450
1050643630
1050664460
1050657020
1050798240
1050800160
1050692800
1050692900
1050846100
1050819640
1050848180
1050856340
1050852010
1050883510
1050837870
1050837610
1050909260
1050810820
1050810660
1050949070
1050949080
1051051160
1051089870
1051108020
1051159450
1051159540
1050034270
1050034490
1050034610
1050034900
1050035090
1050035180
1050035400
1050035410
1050035590
1050035600
1050036020
1050036030
1050036860
1050036870
1050037100
1050037110
1050038850
1050038860
1050039250
1050039260
1050039740
1050039750
1050040030
1050040040
1050040050
1050040110
1050040140
1050040160
1050040180
1050695540
1050672000
1050670330
1050734180
1050700730
1050708880
1050709340
1050845830
1050852600
1050865860
1050786750
1050847310
1050847160
1050748790
1050736730
1050652970
1050652800
1051548460
1051550590
1051550000
1051551920
1051551850
1051522260
1051518250
1051513460
1051520550
1051520660
1051479540
1051478080
1051474590
1051460440
1051435110
1051429650
1051429580
1050552200
1050555020
1050607030
1050637070
1050637060
1050192080
1050275130
1050276700
1050335500
1050335490
1050463920
1050453980
1050440700
1050407790
1050407800
1051494900
1051494890
1051491120
1051486420
1051486320
1050040250
1051060130
1051033960
1050927240
1050890730
1050890470
1050040270
1050040280
1050040290
1050040300
1050040310
1050040320
1050040330
1050040340
1050040350
1050040360
1050040370
1050040380
1050040390
1050040400
1050040410
1050040420
1050040430
1050040440
1050040450
1050040460
1050040470
1050040480
1050040490
1050040500
1050040510
1050040520
1050040530
1050040540
1050040550
1050040560
1050040570
1050040580
1050040590
1050040600
1050040610
1050040620
1050040630
1050040640
1050040650
1050040660
1050040670
1050040690
1050040720
1050040730
1050040740
1050040750
1050040760
1050040770
1050040780
1050040790
1050040800
1050040810
1050040820
1050040830
1050040840
1050040850
1050040870
1050040880
1050040890
1050040900
1050040910
1050040920
1050040930
1050040940
1050040960
1050040970
1050040980
1050040990
1050041000
1050041020
1050041030
1050041040
1050041050
1050041070
1050041080
1050041090
1050041100
1050041110
1050041140
1050041150
1050041170
1050041180
1050041200
1050041210
1050041230
1050041240
1050041270
1050041290
1050041300
1050041310
1050041330
1050041370
1050041380
1050041410
1050041430
1050041450
1050041470
1050041490
1050041510
1050041520
1050041530
1050041540
1050041550
1050041560
1050041570
1050041580
1050041590
1050041620
1050041630
1050041640
1050041650
1050041660
1050041690
1050041710
1050041740
1050041760
1050041770
1050041790
1050041800
1050041820
1050041850
1050041860
1050041870
1050041880
1050041900
1050041910
1050041970
1050041990
1050042010
1050042020
1050042040
1050042050
1050042060
1050042070
1050042080
1050042090
1050042100
1050042150
1050042160
1050042190
1050042230
1050042240
1050042260
1050042340
1050042350
1050042410
1050042420
1050042490
1050042500
1050042550
1050042590
1050042600
1050042610
1050042660
1050042670
1050042690
1050042700
1050042750
1050042790
1050042820
1050042830
1050042840
1050042860
1050042900
1050042910
1050042920
1050042940
1050042970
1050042980
1050043030
1050043060
1050043070
1050043090
1050043160
1050043250
1050043290
1050043300
1050043330
1050043350
1050043370
1050043380
1050043420
1050043490
1050043540
1050043570
1050043580
1050043700
1050043720
1050043890
1050044010
1050044080
1050044120
1050044150
1050044270
1050044290
1050044300
1050044320
1050044340
1050044410
1050044420
1050044430
1050044470
1050044480
1050044520
1050044540
1050044560
1050044610
1050044850
1050044910
1050044980
1050045010
1050045170
1050045390
1050045460
1050046130
1050046210
1050046220
1050046410
1050046430
1050046540
1050046550
1050046700
1050046820
1050046870
1050047030
1050047600
1050047790
1050047900
1050048630
1050048790
1050049660
1050049710
1050049870
1050049900
1050052130
1050053600
1050053710
1050054170
1050054740
1050054840
1050057260
1050059920
1050065100
1050076070
2050000010
2050001320
2050002110
2050003440
2050003550
2050003560
2050004130
2050004140
2050004280
2050004290
2050005120
2050005130
2050005690
2050006110
2050006120
2050006380
2050006390
2050006480
2050006490
2050006570
2050006580
2050501940
2050491970
2050439800
2050439100
2050427460
2050414310
2050390950
2050359050
2050359040
2050006600
2050469830
2050459130
2050454640
2050448170
2050416390
2050397700
2050379760
2050374040
2050363700
2050363710
2050374260
2050388040
2050388050
2050007940
2050008000
2050008010
2050008160
2050008170
2050008350
2050008360
2050008440
2050008450
2050543090
2050557340
2050569470
2050575400
2050557800
2050555780
2050540100
2050525040
2050514740
2050483240
2050478430
2050478420
2050487990
2050488360
2050476910
2050465720
2050465610
2050008500
2050009230
2050009480
2050009490
2050009730
2050009740
2050009900
2050009910
2050011990
2050012000
2050012730
2050012960
2050012970
2050012980
2050012990
2050013010
2050013020
2050013100
2050013110
2050014550
2050016230
2050016510
2050016520
2050017150
2050017160
2050017480
2050017490
2050017690
2050017700
2050018240
2050018360
2050018370
2050018460
2050018470
2050018840
2050018850
2050019150
2050019160
2050020320
2050020330
2050020340
2050020590
2050020600
2050020620
2050020630
2050020730
2050020740
2050497340
2050502920
2050499090
2050509090
2050509200
2050021040
2050022150
2050022160
2050420240
2050429670
2050441290
2050491750
2050491760
2050023020
2050355620
2050379690
2050420770
2050429790
2050429890
2050024180
2050024230
2050026030
2050362600
2050358250
2050362210
2050374390
2050374110
2050026070
2050368000
2050366520
2050366020
2050364780
2050364630
2050026560
2050026920
2050026930
2050027320
2050027330
2050027350
2050027360
2050027530
2050027540
2050028110
2050028120
2050028140
2050028150
2050028220
2050229790
2050223770
2050257210
2050257310
2050257320
2050028320
2050028660
2050028670
2050029320
2050029330
2050029510
2050029520
2050029570
2050029580
2050029750
2050029760
2050029940
2050029950
2050030060
2050030070
2050030090
2050030100
2050030110
2050030160
2050030170
2050030260
2050030270
2050030480
2050030490
2050030650
2050030660
2050031060
2050031070
2050031490
2050031500
2050031740
2050031750
2050031960
2050031970
2050032670
2050032680
2050033010
2050033020
2050033320
2050033330
2050033480
2050033490
2050033500
2050033670
2050033680
2050033770
2050033780
2050036710
2050036720
2050037990
2050039390
2050039400
2050039590
2050039600
2050040130
2050040140
2050040470
2050040480
2050040730
2050040740
2050040810
2050040820
2050041120
2050041130
2050041180
2050041190
2050041390
2050041420
2050041430
2050172450
2050191190
2050214970
2050200360
2050200420
2050041850
2050042370
2050042380
2050135680
2050154530
2050156850
2050148850
2050148900
2050043730
2050044800
2050045150
2050046500
2050047500
2050048590
2050048790
2050050790
2050052960
2050053980
2050054000
2050054130
2050054140
2050054200
2050056060
2050056710
2050056770
2050056940
2050056990
2050057170
2050057300
2050057310
2050058320
2050058330
2050059250
2050059260
2050059310
2050059320
2050059370
2050059450
2050059500
2050059510
2050062160
2050062920
2050065840
2050065960
2050065970
2050066030
2050066040
2050066340
2050066350
2050066490
2050066500
2050066850
2050067280
2050067290
2050067570
2050067580
2050067650
2050067660
2050391420
2050384250
2050399770
2050396780
2050396690
2050067750
2050067910
2050067920
2050068170
2050068180
2050068250
2050068260
2050068340
2050068350
2050421450
2050378120
2050347650
2050332830
2050302300
2050292690
2050296380
2050272900
2050265840
2050315950
2050260960
2050316490
2050260320
2050323030
2050235640
2050235630
2050310780
2050291740
2050291620
2050320590
2050320680
2050068690
2050068710
2050068720
2050069150
2050069160
2050645210
2050643590
2050624070
2050616770
2050616700
2050070060
2050070510
2050070520
2050071190
2050071260
2050071270
2050071690
2050071700
2050072590
2050072600
2050072920
2050072930
2050828790
2050816870
2050817690
2050816590
2050815450
2050810230
2050784690
2050785890
2050773470
2050770040
2050759680
2050735780
2050723850
2050723860
2050737750
2050668200
2050668190
2050073580
2050075160
2050075170
2050077470
2050077480
2050077570
2050077580
2050078500
2050078510
2050078740
2050078750
2050078760
2050079310
2050079320
2050081250
2050081260
2050081710
2050081720
2050083000
2050083010
2050083170
2050083180
2050083580
2050083590
2050902950
2050903950
2050912850
2050914280
2050914340
2050084130
2050671620
2050669810
2050672240
2050724600
2050724400
2050939450
2050943360
2050963890
2050960220
2050960130
2050949790
2050961170
2050976590
2050976300
2050976230
2050807210
2050816220
2050807910
2050807100
2050807220
2050931970
2050952910
2050984760
2050984320
2050984280
2050868040
2050868260
2050883660
2050884650
2050884680
2050951580
2050959170
2050968650
2050971100
2050971090
2050085570
2050085580
2050085590
2050085600
2050085610
2050085620
2050085630
2050085640
2050085650
2050085660
2050085670
2050085680
2050085690
2050085700
2050085710
2050085720
2050085730
2050085740
2050085750
2050085760
2050085780
2050085790
2050085800
2050085810
2050085820
2050085830
2050085840
2050085850
2050085860
2050085870
2050085880
2050085900
2050085920
2050085930
2050085940
2050085960
2050085970
2050085980
2050085990
2050086000
2050086020
2050086070
2050086090
2050086100
2050086110
2050086120
2050086160
2050086170
2050086180
2050086240
2050086270
2050086280
2050086290
2050086310
2050086320
2050086330
2050086340
2050086370
2050086450
2050086460
2050086470
2050086480
2050086510
2050086540
2050086550
2050086650
2050086670
2050086690
2050086720
2050086730
2050086740
2050086770
2050086890
2050086900
2050086930
2050087030
2050087140
2050087240
2050087350
2050087810
2050087930
2050088040
2050088050
2050088060
2050088390
2050089360
2050090050
2050090240
2050091640
2050093260
3050000010
3050000150
3050000160
3050000230
3050000240
3050000520
3050000530
3050001400
3050001410
3050239120
3050243280
3050285060
3050309520
3050331440
3050293540
3050345570
3050342050
3050342160
3050399930
3050439410
3050452740
3050460630
3050397200
3050492920
3050511880
3050530830
3050452480
3050458330
3050511910
3050591340
3050591290
3050495750
3050495710
3050577100
3050628660
3050660730
3050651560
3050650360
3050650460
3050671820
3050713960
3050713950
3050001850
3050002000
3050002010
3050173830
3050228750
3050246580
3050263630
3050263750
3050002570
3050213570
3050221280
3050276270
3050283470
3050283640
3050002690
3050002870
3050002880
3050003790
3050101920
3050143020
3050193350
3050202590
3050235540
3050273600
3050309230
3050337170
3050288370
3050391360
3050288380
3050284260
3050415020
3050424160
3050359860
3050268850
3050268680
3050455480
3050368720
3050483590
3050399310
3050532900
3050419770
3050419930
3050601790
3050607050
3050545280
3050651040
3050650920
3050639170
3050664490
3050686590
3050692580
3050704040
3050696460
3050714210
3050714200
3050697190
3050698660
3050700380
3050700640
3050004750
3050005240
3050049480
3050051820
3050069590
3050078870
3050078880
3050005450
3050037200
3050037630
3050040750
3050048460
3050048500
3050006260
3050057180
3050062630
3050085080
3050127140
3050127150
3050007890
3050007940
3050007950
3050008270
3050008280
3050008310
3050008320
3050008330
3050008340
3050063660
3050136040
3050134370
3050171850
3050172010
3050008620
3050008670
3050108380
3050145430
3050150810
3050238760
3050287680
3050298820
3050378670
3050330670
3050385980
3050403520
3050402620
3050410810
3050414000
3050416480
3050318180
3050423340
3050318150
3050318140
3050406640
3050462780
3050516780
3050436940
3050531400
3050447690
3050464610
3050464790
3050477790
3050565810
3050565990
3050479700
3050494540
3050536190
3050526410
3050526250
3050566420
3050566920
3050566790
3050009140
3050009320
3050125440
3050140440
3050149450
3050185470
3050185590
3050009680
3050009770
3050009780
3050010130
3050010140
3050010150
3050010160
3050010310
3050010320
3050136060
3050151750
3050193810
3050256590
3050256580
3050010480
3050010550
3050010560
3050133030
3050127590
3050211820
3050253260
3050253420
3050010920
3050011110
3050011120
3050011410
3050011420
3050011430
3050011440
3050011680
3050011690
3050011770
3050012270
3050012340
3050012350
3050012400
3050012410
3050012480
3050012490
3050013050
3050013060
3050013900
3050014640
3050014650
3050014970
3050014980
3050015490
3050015500
3050015630
3050015640
3050015900
3050016150
3050016160
3050016910
3050016920
3050017010
3050017020
3050017070
3050017080
3050017570
3050017830
3050019360
3050020950
3050020970
3050022360
3050022480
3050023700
3050023800
3050024010
3050024170
3050024180
3050024310
3050024320
3050024330
3050024350
3050024360
3050024380
3050024390
3050024400
3050024510
3050024540
3050024640
3050024960
3050025010
4050000010
4050000080
4050000090
4050000160
4050000170
4050000240
4050000250
4050000370
4050000380
4050098940
4050128730
4050150580
4050165380
4050183770
4050195690
4050185230
4050236610
4050240510
4050240390
4050225210
4050154300
4050150480
4050148980
4050124280
4050251620
4050255430
4050114800
4050113950
4050245080
4050244900
4050094650
4050089990
4050090000
4050094870
4050092730
4050094160
4050099810
4050110370
4050111700
4050114260
4050136410
4050118450
4050118460
4050146590
4050151740
4050151730
4050000890
4050001240
4050001250
4050001560
4050001570
4050002470
4050002480
4050002770
4050002780
4050003020
4050005050
4050005060
4050005710
4050005720
4050006520
4050006530
4050348030
4050327110
4050332620
4050332910
4050333000
4050006580
4050006940
4050007080
4050007090
4050007380
4050007400
4050483080
4050486110
4050486970
4050567380
4050567390
4050007420
4050007660
4050007670
4050625500
4050603740
4050629590
4050631880
4050548260
4050625230
4050625490
4050448840
4050431060
4050534180
4050564070
4050578640
4050585650
4050589480
4050603550
4050646320
4050646500
4050007860
4050007940
4050007950
4050008060
4050008070
4050009170
4050009180
4050009280
4050009290
4050667920
4050670370
4050675920
4050689020
4050689150
4050783970
4050791810
4050817380
4050744360
4050859240
4050859250
4050795660
4050802680
4050801220
4050704560
4050687330
4050815910
4050815730
4050680810
4050681060
4050774570
4050779600
4050805770
4050872820
4050872680
4050009890
4050010150
4050010160
4050010370
4050010380
4050011100
4050011110
4050011540
4050011550
4050011690
4050012280
4050012290
4050012770
4050012780
4050978610
4050972260
4050960280
4050925420
4050925590
4050013000
4051022750
4051023260
4051005540
4050984860
4050984750
4050015010
4050015090
4050015100
4050015110
4050015260
4050015270
4050016810
4050016820
4050016830
4050016840
4051144880
4051128330
4051108770
4051110370
4051100320
4051098410
4051080170
4051096750
4051096740
4051071320
4051073760
4051043590
4051022090
4050933190
4050730280
4050705180
4050705050
4050017030
4050017110
4050017120
4050018230
4050018240
4050018280
4050018290
4050018330
4050018340
4050018350
4050018360
4050018370
4050020060
4050020070
4050020980
4050020990
4050022440
4050022450
4050022790
4050023050
4051077760
4051062690
4051046810
4050718400
4050718180
4050023070
4050023210
4050023220
4050023230
4051019890
4051010350
4050956240
4050903190
4050902890
4050023820
4050024190
4050975160
4050956220
4050900670
4050886200
4050911800
4050884570
4050901850
4050865800
4050839030
4050911460
4050769230
4050783910
4050876840
4050876680
4050786460
4050785160
4050784890
4050025460
4050026610
4050026620
4050026660
4050026670
4050026820
4050026830
4050027010
4050027020
4051031720
4051017890
4051013640
4051013550
4051013620
4050027110
4051081260
4051065170
4051063700
4051063670
4051063810
4050027790
4051092490
4051101510
4051096410
4051083880
4051083890
4050027950
4050028040
4050028050
4050028200
4050028210
4050028550
4050028560
4050028670
4050028680
4050028760
4050028770
4050029530
4050029810
4050029820
4050031520
4050031530
4050031610
4050031620
4050031730
4050031740
4050031750
4050031820
4050031830
4050032410
4050032420
4050032880
4050032890
4050952550
4050919930
4050802250
4050785020
4050785260
4050033440
4050879040
4050786190
4050784150
4050744380
4050718640
4050685650
4050673650
4050729700
4050648310
4050709980
4050709990
4050607260
4050607420
4050033650
4050034220
4050034410
4050034510
4050037060
4050039450
4050040710
4050041290
4050041320
4050045690
4050045700
4050045780
4050045800
4050045820
4050045850
4050045890
4050046100
4050046370
4050047490
4050047500
4050048470
4050048900
4050449660
4050476110
4050475170
4050452880
4050416010
4050427020
4050442120
4050440700
4050440300
4050439980
4050462690
4050469570
4050469680
4050505600
4050508980
4050510850
4050515470
4050515600
4050492120
4050523580
4050523690
4050273960
4050274300
4050484700
4050496820
4050531330
4050538240
4050549780
4050545530
4050544080
4050540620
4050520710
4050508720
4050508830
4050225090
4050234270
4050214350
4050213020
4050219380
4050214180
4050214010
4050298640
4050317280
4050313840
4050325660
4050326920
4050327070
4050237460
4050355290
4050411980
4050421200
4050420980
4050050250
4050188900
4050199500
4050247970
4050255200
4050255100
4050050270
4050050280
4050050290
4050050300
4050050310
4050050320
4050050330
4050050340
4050050350
4050050360
4050050370
4050050380
4050050390
4050050400
4050050410
4050050420
4050050430
4050050440
4050050450
4050050470
4050050480
4050050490
4050050500
4050050520
4050050530
4050050540
4050050550
4050050560
4050050570
4050050580
4050050590
4050050600
4050050610
4050050630
4050050660
4050050680
4050050690
4050050700
4050050720
4050050730
4050050740
4050050780
4050050790
4050050810
4050050820
4050050830
4050050850
4050050860
4050050900
4050050910
4050050940
4050050950
4050050960
4050050970
4050050980
4050051010
4050051020
4050051090
4050051100
4050051120
4050051130
4050051150
4050051160
4050051190
4050051210
4050051270
4050051280
4050051340
4050051400
4050051420
4050051430
4050051440
4050051450
4050051460
4050051530
4050051540
4050051590
4050051600
4050051670
4050051720
4050051740
4050051760
4050051820
4050051850
4050051880
4050051890
4050051910
4050051930
4050051940
4050052040
4050052060
4050052120
4050052200
4050052210
4050052290
4050052370
4050052500
4050052560
4050052570
4050052610
4050052650
4050052690
4050052810
4050053370
4050053400
4050053490
4050054280
4050057140
4050060240
4050062830
5050000010
5050001700
5050001710
5050001960
5050001970
5050003520
5050003530
5050003610
5050003620
5050003690
5050003700
5050004220
5050004230
5050004800
5050004810
5050005140
5050005150
5050005830
5050006690
5050006900
5050007690
5050011270
5050011280
5050011290
5050011510
5050011520
5050011560
5050011790
5050011800
5050014020
5050015660
5050015820
5050015830
5050015870
5050015880
5050016040
5050016050
5050016080
5050016090
5050016380
5050016390
5050017030
5050017040
5050017820
5050017830
5050018260
5050018270
5050019300
5050019310
5050020110
5050020120
5050020270
5050020280
5050021180
5050021190
5050022170
5050022200
5050022430
5050022500
5050023260
5050023450
5050026110
5050027190
5050028320
5050028890
5050030950
5050031010
5050031050
5050031240
5050036230
5050036300
5050036740
5050036790
5050036920
5050037100
5050037150
5050037270
5050038940
5050039910
5050040040
5050040360
5050041230
5050041240
5050041870
5050041880
5050042540
5050042550
5050042830
5050042840
5050043020
5050043030
5050043310
5050043320
5050046910
5050046920
5050047720
5050047730
5050049720
5050049750
5050050310
5050050550
5050050850
5050053140
5050054880
5050055000
5050055010
5050055130
5050055420
5050055870
5050055950
5050055960
5050558240
5050560780
5050546000
5050543690
5050543700
5050056470
5050467820
5050442770
5050435920
5050439380
5050439480
5050056750
5050057320
5050057330
5050057710
5050057720
5050057900
5050057910
5050057970
5050057980
5050058410
5050058420
5050058580
5050058590
5050059020
5050059440
5050059450
5050059560
5050059570
5050060860
5050060870
5050061140
5050061150
5050061240
5050061250
5050241230
5050250400
5050257150
5050269970
5050269980
5050061670
5050062110
5050062120
5050062580
5050062590
5050062660
5050062670
5050063210
5050063220
5050064130
5050064140
5050064280
5050064290
5050064530
5050064540
5050065420
5050065430
5050065470
5050065480
5050277960
5050279120
5050305580
5050315930
5050315790
5050065610
5050065630
5050065640
5050065780
5050065790
5050065850
5050065860
5050065980
5050067860
5050310980
5050315040
5050300580
5050289850
5050289740
5050068460
5050382770
5050365270
5050381140
5050378580
5050378670
5050069600
5050069960
5050069970
5050070700
5050070710
5050071130
5050071140
5050071270
5050071280
5050071980
5050071990
5050073130
5050073140
5050595240
5050595640
5050593360
5050533380
5050597410
5050597480
5050525070
5050511420
5050511570
5050528460
5050525860
5050510890
5050510880
5050073420
5050074320
5050074330
5050074440
5050074450
5050074640
5050074650
5050074720
5050074730
5050075380
5050075390
5050075460
5050075470
5050075500
5050075510
5050075580
5050075590
5050075600
5050075610
5050076320
5050076330
5050076520
5050076530
5050076880
5050076890
5050077010
5050077040
5050077080
5050077640
5050079480
5050079490
5050079500
5050079570
5050079730
5050081550
5050082270
5050082510
5050082520
5050083490
5050083500
5050084670
5050084680
5050084900
5050084910
5050084940
5050085040
5050085190
5050085200
5050085220
5050085230
5050085290
5050085300
5050085810
5050085820
5050087520
5050087540
5050486630
5050476910
5050473310
5050462270
5050462200
5050431410
5050413200
5050429340
5050472870
5050455880
5050380650
5050383700
5050373660
5050434260
5050366980
5050418250
5050418140
5050351690
5050351780
5050324690
5050324520
5050087600
5050087610
5050087620
5050087630
5050087640
5050087650
5050087660
5050087670
5050087680
5050087690
5050087700
5050087710
5050087720
5050087730
5050087740
5050087750
5050087760
5050087780
5050087800
5050087810
5050087820
5050087830
5050087840
5050087850
5050087860
5050087870
5050087900
5050087940
5050087950
5050087960
5050087970
5050087980
5050087990
5050088000
5050088010
5050088030
5050088040
5050088050
5050088090
5050088100
5050088120
5050088130
5050088140
5050088150
5050088160
5050088170
5050088210
5050088220
5050088230
5050088240
5050088250
5050088260
5050088270
5050088290
5050088300
5050088320
5050088330
5050088340
5050088350
5050088370
5050088380
5050088400
5050088420
5050088440
5050088450
5050088470
5050088480
5050088580
5050088630
5050088640
5050088670
5050088800
5050088840
5050088850
5050088870
5050088930
5050088950
5050088980
5050089020
5050089050
5050089090
5050089140
5050089320
5050089380
5050089420
5050089470
5050089540
5050089550
5050089690
5050089830
5050090060
5050090170
5050090220
5050090510
5050090540
5050090710
5050091480
5050091710
5050092240
5050092410
5050092880
5050092960
5050097170
6050000010
6050068100
6050070260
6050069430
6050089660
6050089740
6050000750
6050001940
6050001950
6050003210
6050003220
6050003680
6050003690
6050004060
6050004070
6050075410
6050079390
6050084230
6050084130
6050084380
6050080920
6050079860
6050079250
6050134790
6050083060
6050083130
6050104180
6050137380
6050136450
6050150580
6050126730
6050129810
6050154590
6050156880
6050156750
6050143380
6050130600
6050130490
6050160900
6050160730
6050004480
6050099010
6050113570
6050121450
6050134950
6050134940
6050004880
6050005180
6050005190
6050005490
6050005500
6050006470
6050006480
6050006540
6050238630
6050241250
6050261380
6050263540
6050298170
6050250180
6050266470
6050325820
6050262360
6050272340
6050384210
6050405310
6050337320
6050294360
6050247270
6050237120
6050457830
6050506420
6050224470
6050532340
6050483010
6050532350
6050483020
6050287830
6050425550
6050266880
6050207670
6050207660
6050491720
6050532210
6050532200
6050315920
6050315910
6050007010
6050007050
6050007060
6050007090
6050007100
6050007240
6050007250
6050007650
6050007660
6050344660
6050411440
6050408040
6050442950
6050449170
6050459050
6050451390
6050476800
6050527670
6050551090
6050546360
6050565980
6050594780
6050594790
6050622990
6050624770
6050624870
6050007960
6050008320
6050008620
6050008630
6050009220
6050009230
6050009250
6050009260
6050009430
6050009440
6050334800
6050372340
6050389870
6050401900
6050401890
6050009770
6050010100
6050010110
6050010510
6050010520
6050010670
6050010680
6050011240
6050011250
6050450420
6050441200
6050466270
6050481680
6050510750
6050562010
6050595210
6050639910
6050649360
6050652910
6050670380
6050684130
6050684180
6050011790
6050011890
6050011900
6050012020
6050012030
6050012280
6050012290
6050012370
6050012380
6050012580
6050012590
6050012790
6050012800
6050013420
6050013430
6050013750
6050013760
6050014330
6050015560
6050015570
6050015940
6050015950
6050016720
6050016730
6050852410
6050852180
6050842130
6050818720
6050818840
6050016770
6050893010
6050887840
6050887050
6050879890
6050869680
6050849790
6050846530
6050837900
6050816630
6050816160
6050830430
6050808660
6050819650
6050819640
6050790150
6050793620
6050774200
6050762870
6050759370
6050710170
6050738860
6050728570
6050755240
6050721300
6050718180
6050757580
6050757070
6050760520
6050760600
6050705490
6050667100
6050667090
6050681720
6050680380
6050709930
6050708820
6050674150
6050675150
6050675090
6050719760
6050719850
6050016980
6050017370
6050017380
6050017390
6050017530
6050017540
6050017970
6050017980
6050018280
6050018290
6050933820
6050913900
6050877660
6050862860
6050862810
6050018860
6050934630
6050937230
6050942410
6050942470
6050942450
6050019100
6050954860
6050960240
6050960610
6050958450
6050958420
6050020010
6050020950
6050020960
6050021020
6050021030
6050021060
6050021070
6050021160
6050021170
6050021180
6050021190
6050021210
6050021220
6050021870
6050023980
6050023990
6050024060
6050024070
6050025130
6050025140
6050025410
6050025420
6050026140
6050026750
6050026760
6050026990
6050027000
6050027220
6050027230
6050027290
6050027300
6050027770
6050027780
6050028110
6050028120
6050028290
6050028300
6050029040
6050029050
6050029280
6050029580
6050029590
6050029610
6050029620
6050029720
6050029730
6050032100
6050032110
6050032290
6050032610
6050032620
6050033220
6050033230
6050033560
6050033570
6050034060
6050034070
6050034810
6050035440
6050035460
6050035990
6050040020
6050040090
6050040110
6050040460
6050040470
6050040480
6050040490
6050040500
6050040510
6050040520
6050040530
6050040540
6050040550
6050040590
6050040600
6050040610
6050040670
6050040680
6050040710
6050040750
6050040760
6050040780
6050040790
6050040810
6050040890
6050040900
6050040910
6050040920
6050041010
6050041070
6050041130
6050041170
6050041200
6050041310
6050042900
7050000010
7050002400
7050002410
7050002700
7050002710
7050004210
7050004220
7050004660
7050004670
7050847740
7050849640
7050854410
7050851700
7050851630
7050005420
7050822930
7050826790
7050829810
7050831470
7050831510
7050006400
7050006420
7050006430
7050006910
7050006920
7050007000
7050007010
7050007210
7050007220
7050007380
7050007390
7050007830
7050007840
7050008110
7050008130
7050008150
7050008160
7050008340
7050008350
7050008450
7050008460
7050675410
7050694150
7050696970
7050702450
7050633430
7050702590
7050702460
7050629700
7050627380
7050632220
7050608130
7050585120
7050539540
7050538950
7050527230
7050508350
7050508340
7050008720
7050011220
7050011230
7050012270
7050012280
7050012590
7050012600
7050012950
7050012960
7050013170
7050013180
7050588070
7050574760
7050570240
7050569580
7050569840
7050013560
7050014040
7050014050
7050014200
7050014210
7050014250
7050394680
7050395340
7050388580
7050329370
7050334790
7050438780
7050444390
7050445150
7050305410
7050298300
7050298200
7050466690
7050466540
7050014940
7050274860
7050234040
7050192890
7050177910
7050177760
7050016270
7050016850
7050016860
7050017140
7050017150
7050017930
7050017940
7050018020
7050018030
7050019010
7050019020
7050019190
7050019200
7050020090
7050020100
7050021430
7050021550
7050021560
7050021620
7050021630
7050021690
7050021700
7050142610
7050145630
7050144640
7050161120
7050161180
7050021750
7050132870
7050134090
7050159950
7050192440
7050206680
7050250990
7050284240
7050289500
7050289200
7050217900
7050208540
7050184580
7050256540
7050282770
7050282720
7050202930
7050203140
7050022250
7050129240
7050137410
7050147190
7050163620
7050163780
7050022280
7050136230
7050146370
7050151610
7050191640
7050191700
7050022850
7050023220
7050023230
7050023960
7050023970
7050024030
7050024040
7050024100
7050024110
7050220300
7050241310
7050251370
7050237380
7050237270
7050024300
7050252700
7050262150
7050284520
7050287970
7050287980
7050024590
7050024600
7050024830
7050024840
7050024890
7050024900
7050025090
7050025100
7050025560
7050025570
7050025860
7050025870
7050026040
7050026050
7050026200
7050026210
7050026740
7050026750
7050027430
7050028070
7050028080
7050028410
7050028420
7050112130
7050121890
7050143810
7050156430
7050156440
7050028680
7050029000
7050029010
7050029460
7050030610
7050030620
7050030660
7050030670
7050030870
7050030880
7050030940
7050030950
7050031660
7050031670
7050031710
7050031720
7050032940
7050032950
7050033110
7050033120
7050033480
7050033690
7050033700
7050034000
7050034010
7050034100
7050034110
7050034330
7050034340
7050374800
7050398520
7050400540
7050400660
7050434140
7050439780
7050354140
7050354130
7050494540
7050431340
7050426320
7050398060
7050343600
7050343680
7050337870
7050335300
7050335180
7050450160
7050453940
7050481280
7050481290
7050034530
7050035360
7050035370
7050035470
7050035480
7050035860
7050035870
7050038320
7050038330
7050038340
7050038810
7050038820
7050038980
7050038990
7050039060
7050039070
7050039160
7050039170
7050039620
7050039630
7050039870
7050039880
7050041050
7050041060
7050041400
7050041410
7050042040
7050042240
7050042250
7050042310
7050042320
7050042740
7050042750
7050042940
7050042950
7050043090
7050043100
7050043160
7050043170
7050043500
7050043510
7050043640
7050043650
7050043860
7050043870
7050045480
7050045490
7050045890
7050045900
7050739170
7050715790
7050712470
7050676360
7050676410
7050046600
7050046750
7050736850
7050682360
7050689550
7050668390
7050647780
7050639390
7050683900
7050649900
7050642090
7050641790
7050610850
7050609780
7050632870
7050632730
7050594240
7050566040
7050674750
7050674630
7050531210
7050512060
7050562140
7050569090
7050568950
7050514640
7050415850
7050415980
7050419360
7050332670
7050332680
7050047070
7050047840
7050047850
7050047860
7050047970
7050047980
7050752470
7050744170
7050701750
7050696340
7050696350
7050048310
7050747570
7050737080
7050730500
7050718850
7050718740
7050048420
7050048480
7050048490
7050048620
7050048630
7050048860
7050048870
7050049120
7050049130
7050794460
7050790520
7050761710
7050762950
7050763030
7050049280
7050820630
7050822270
7050822970
7050824100
7050824090
7050050000
7050050640
7050050650
7050849600
7050855510
7050863270
7050864030
7050864080
7050050930
7050053320
7050053330
7050053840
7050053850
7050054060
7050054070
7050054300
7050054310
7050054660
7050054670
7050055520
7050055620
7050055630
7050055710
7050055730
7050055790
7050057510
7050059430
7050059690
7050059780
7050059960
7050059990
7050060310
7050060320
7050061510
7050061520
7050061620
7050061630
7050063050
7050063060
7050063860
7050064730
7050064970
7050065050
7050065090
7050065760
7050065770
7050065780
7050069670
7050069860
7050070790
7050072800
7050073620
7050073630
7050073640
7050073650
7050073660
7050073670
7050073680
7050073690
7050073700
7050073710
7050073720
7050073730
7050073740
7050073750
7050073760
7050073770
7050073780
7050073790
7050073810
7050073830
7050073860
7050073870
7050073880
7050073970
7050074030
7050074080
7050074100
7050074110
7050074210
7050074230
7050074270
7050074360
7050074380
7050074500
7050074540
7050074560
7050074600
7050074660
7050074870
7050075110
7050075130
8050000010
8050000810
8050000820
8050002260
8050002270
8050002400
8050002410
8050004280
8050004290
8050004350
8050004360
8050004410
8050004420
8050004480
8050004490
8050257060
8050254470
8050225860
8050224230
8050224140
8050004920
8050183760
8050186150
8050182380
8050191000
8050141350
8050224880
8050224890
8050219130
8050221500
8050231190
8050251780
8050259520
8050259590
8050005520
8050007020
8050007030
8050007180
8050007190
8050008230
8050008240
8050008380
8050008390
8050008900
8050112340
8050122100
8050148430
8050164230
8050194580
8050196880
8050170630
8050155650
8050155470
8050231560
8050243490
8050150960
8050150880
8050270510
8050269450
8050286910
8050272130
8050271080
8050298780
8050266590
8050262310
8050258570
8050252780
8050246160
8050246110
8050297770
8050297840
8050311330
8050311060
8050328000
8050315230
8050331980
8050338740
8050338780
8050332600
8050333190
8050333260
8050009570
8050009890
8050009900
8050010040
8050010050
8050010200
8050010210
8050010430
8050010440
8050010700
8050011270
8050011280
8050011800
8050011810
8050012600
8050012610
8050129330
8050156310
8050159820
8050177260
8050177370
8050013490
8050014730
8050014740
8050014810
8050014820
8050016080
8050016090
8050016570
8050016580
8050016860
8050018080
8050018090
8050201110
8050190480
8050227070
8050261050
8050261040
8050018140
8050018730
8050018740
8050018970
8050018980
8050019080
8050019790
8050020760
8050022650
8050022890
8050024130
8050024230
8050024240
8050025160
8050025170
8050025650
8050025660
8050026850
8050026860
8050028930
8050030130
8050030970
8050032840
8050033310
8050033320
8050034090
8050034100
8050034170
8050034180
8050035010
8050035020
8050038870
8050039130
8050039140
8050041980
8050041990
8050042220
8050042230
8050042910
8050042920
8050043200
8050043890
8050044560
8050047650
8050047690
8050047730
8050048550
8050048860
8050049370
8050049390
8050049610
8050049710
8050051550
8050053140
8050056830
8050056840
8050056990
8050057000
8050057510
8050057520
8050057550
8050057560
9050000010
9050040250
9050041830
9050039150
9050042380
9050042260
9050000600
9050001020
9050001030
9050001780
9050001790
9050002040
9050002050
9050002120
9050002130
9050002400
9050002410
9050003270
9050003280
9050003610
9050003620
9050004410
9050004420
9050004590
9050004600
9050004770
9050004780
9050005230
9050005240
9050005280
9050005760
9050005770
9050005880
9050005890
9050006010
9050006020
9050006240
9050006250
9050007250
9050007260
9050007930
9050007950
9050008450
9050008460
9050009880
9050009890
9050010370
9050109660
9050111620
9050103700
9050103260
9050103220
9050010430
9050100020
9050100090
9050094850
9050089660
9050089740
9050010560
9050010670
9050010680
9050011090
9050011100
9050011220
9050011230
9050011510
9050011530
9050011740
9050011750
9050012040
9050012050
9050013780
9050014800
9050014810
9050015210
9050015220
9050016100
9050016110
9050017460
9050017470
9050017740
9050018060
9050018370
1051435100
1050737100
1050865850
1051428730
7050570620
8050225700
2050310820
7050854440
6050079280
5050524780
1050803360
5050257160
6050069460
6050710030
8050226940
4050411990
1050289920
5050593410
6050070270
5050366850
4050355280
3050607060
7050400520
6050674210
6050960580
3050085070
7050641910
5050300480
2050968590
6050154700
4050219180
2050477000
6050670510
1051491160
3050149440
7050305280
4051063690
1050874630
2050959090
2050883650
1051035420
1050967890
7050144740
2050260420
2050807920
3050458510
1050851850
5050373650
9050103730
7050256690
4050492110
4050956110
1050927250
4050236600
1050246790
3050134500
7050400760
2050362090
1050819440
6050790160
2050420830
3050462940
1050607020
2050441280
1051343940
7050192750
7050334780
2050735750
8050298770
1051417180
1051405290
3050140450
2050672290
2050868170
4050687420
4050817390
2050379750
2050868160
1051103490
6050942390
2050257220
2050265950
2050976470
7050194980
1050856140
7050398580
8050252880
1050852870
7050823030
2050379560
8050155560
3050452330
7050822250
7050701650
1051513450
7050744090
7050574630
3050246570
5050383690
2050272890
2050288980
6050622980
7050712410
4050648320
7050863310
5050595630
7050829830
3050318170
3050211830
3050397510
7050526960
4050237450
6050808670
1051408100
6050224360
1050736640
7050826810
4050786650
4050730290
4050195810
4051010310
2050963820
4050933180
7050329490
1051037650
1051460430
2050737850
7050379430
1050710240
1051604190
3050651650
4050911450
3050410800
1051549840
8050155550
1051378410
1050848400
3050386960
7050730390
6050680410
2050429770
1050657010
6050681620
1051285400
1050837630
1051494710
2050912860
5050380550
1050700890
3050298910
3050276280
4050704410
6050877590
1051571680
6050708750
3050330490
2050943400
3050698770
3050299300
7050184430
7050251360
2050488190
7050849630
8050254340
8050327990
4051022100
5050434220
6050757160
3050125450
7050715800
7050702370
4050183970
2050498990
7050736950
5050473110
4050805930
1051340470
1050241480
7050683890
1050689850
1051004170
5050381030
6050389860
3050228760
1051033970
1051137860
1050680300
4050332450
1050786690
4050510750
4050603560
3050062640
1050696830
6050709700
4050247980
7050143720
7050847750
6050491730
8050258460
4050169400
2050420340
1051569210
6050425540
4051013760
2050399640
5050315010
3050193800
5050436020
6050565970
1050562730
7050453930
6050143540
4050520570
4050779690
7050151690
4051096370
1050909250
8050332620
2050214900
1051466350
4050327320
1051259210
7050752460
4050673550
6050121460
3050136030
2050669710
2050358340
1051376870
9050111590
2050374270
7050337970
5050311060
7050642080
3050127410
7050284070
9050094910
6050709810
4050255230
2050951670
6050830420
2050984700
1050276860
6050113660
4051098480
1050648030
1051440050
2050384360
6050266740
4050212930
8050256960
8050170460
2050816210
3050530840
1051108160
2050624230
6050550960
4050325880
3050531600
1051327980
2050156810
3050399320
4050791820
5050413450
7050284470
5050546200
8050160010
7050689810
1051147350
1051409000
4050486980
4051046870
8050286860
1051163830
3050069600
3050511890
1051038680
4050784170
4051005660
3050697120
6050150590
6050842120
3050493080
7050145540
5050305550
4050348020
3050704050
1051455380
2050366130
1051235380
8050251940
4050251820
1051550490
7050121880
7050823010
4051017990
4050631960
4050960530
2050355700
3050566430
1050887720
4050676030
2050773460
1050651900
2050483250
1050643620
1051494810
6050079970
5050525750
3050151880
7050450430
1050820780
4050146480
6050546240
2050390940
4050589340
7050736840
6050705380
2050502710
7050511950
6050457840
2050952920
4050114350
1050908780
2050085550
6050129600
6050653020
2050671440
2050366370
3050671720
7050419260
6050506430
7050146980
6050287820
1050918220
1051032520
4050094550
5050250410
7050594340
1050646230
3050494390
1050909900
3050284270
3050293670
3050692570
5050365400
1051363390
4050440840
2050322960
7050445160
9050039120
3050040740
1051315930
1050513910
6050372330
1051616230
6050960220
8050190630
1050873640
4050801390
2050497450
8050190880
4050783960
2050400110
1050440690
4050802440
6050237360
6050384320
6050294270
7050761700
7050741760
3050601680
2050024170
2050260900
1050515770
4050729890
3050288130
9050109730
7050048300
8050262400
8050331970
1050929730
4050769470
7050234050
4050050240
6050280410
2050643510
5050279190
2050191090
3050221270
2050316600
2050223910
7050538960
1051423970
1051132520
7050649910
4050509080
6050068110
4050784370
1051214380
7050250980
1051608780
4050901960
3050063670
1050982500
4051065250
3050051810
3050057220
7050747500
5050455970
7050739180
2050488080
7050539340
7050402320
1051355140
7050609610
7050005410
2050904110
4050540630
4050802670
1051487890
6050814820
4051062700
6050136480
1050555410
1051609210
1050601200
4050685660
7050398190
6050137270
2050759640
1050641660
7050587960
2050903020
6050081020
4050469430
1050682900
6050649500
7050855570
4051023270
6050451380
4051081310
1051387100
9050041690
7050208410
1051474490
6050099060
4051020030
2050539930
2050315940
6050846520
1051473950
7050206690
1050670570
1050845840
4050919920
6050913910
6050937260
2050770120
1050018120
2050961080
9050100030
3050660640
3050516790
2050021030
7050146310
3050288120
3050173840
1051552540
3050696590
1050538700
3050368830
5050382670
1050028700
2050784800
7050790420
1051046600
2050374150
7050820700
4050199510
1051518160
3050009670
1051015760
1051265610
2050807200
7050686450
5050442690
8050311100
1050575970
8050156300
3050213560
4050585760
6050709820
6050869670
2050548700
5050595260
5050241060
4050505750
5050560670
1051279020
4050027780
1051299550
1051418940
1050749160
1051173020
6050757590
1051059910
2050932040
5050455890
3050132830
1050040260
2050397580
6050405320
7050514490
1051548450
2050816320
4050774560
7050392650
4051022740
5050429160
2050645200
6050527680
7050696820
1050619070
4050313680
1051131990
4050006570
3050577190
1051382340
9050040100
2050414300
1050454120
3050049490
5050477050
8050315160
2050391230
1051357890
2050514730
8050270520
6050084750
4050744670
3050287750
1050274920
3050481930
4050111760
4050629690
7050444490
7050112210
3050536360
4051101500
8050182480
6050126850
4051043580
3050007880
1050694020
4050023810
7050241270
1050883500
7050217780
6050639920
2050023010
6050134460
1050786760
5050528230
8050231240
4050469310
1051431480
7050028670
1051273600
6050325720
7050142810
1050021500
2050296300
8050221510
2050939520
1051412570
4050225200
6050852210
1051413580
6050247260
4050911950
8050201080
6050337190
8050004910
7050343590
8050183070
1050463930
6050298270
4051110320
2050070050
3050037660
9050100080
4050670500
6050134890
1051145820
2050949840
7050438790
9050010410
4050838850
8050264670
7050562040
3050010910
4050486260
8050186110
1050010030
1050019420
3050479690
2050229800
4051031590
4050438130
2050154540
1050192070
7050569640
2050085540
3050215990
7050194860
4050099870
5050068450
4050214510
7050388740
7050262320
4050773260
4050113890
9050000590
2050362370
7050274850
7050049990
5050069590
1050840410
2050172440
8050307380
4051077730
4050136400
7050379310
1051438780
3050532890
2050085560
8050129410
1050040230
3050037170
1051089880
4050317010
1051051360
2050367910
2050085500
4050015000
7050006390
1050040240
2050041840
1050671150
3050679750
7050531330
6050954870
1051299640
3050628740
1050840230
6050755160
4050668010
3050005440
1050736270
1051398880
1050552040
5050277930
6050933800
4050972210
4050718650
4050110480
3050309510
1051259940
4050023060
7050585110
1050040220
7050849610
1051174950
6050408150
6050020000
1050669470
4050543770
1050842500
7050192560
7050137520
1051473880
1050531620
1051623270
6050000740
4050952440
7050794420
6050595200
3050136270
1051139430
4050188910
4050441830
3050686770
7050048410
1051014460
6050562020
1050671990
1051477980
6050334790
6050280400
1051210800
1050641670
1051628750
7050021740
1050009450
6050009760
6050004870
3050008610
1050760290
7050013550
4050027100
1050526810
1051522340
2050289120
3050002680
5050524970
6050239820
4050786200
7050046590
7050694250
5050467810
1051624310
1051052780
1050677900
4050483160
3050002560
5050558410
4050795650
8050219290
7050050920
5050056460
4050298550
2050085530
1050837890
3050359650
5050486640
2050292580
7050129300
6050104230
1051472390
2050135690
3050679760
7050610760
2050084120
8050311240
7050395190
2050785900
4050960480
4050625630
2050302310
6050476790
2050400100
4051108670
2050085510
7050607990
4050223160
7050016260
5050472780
6050262220
6050934620
2050028310
4050578830
6050718170
7050252580
7050024580
3050413840
8050013480
6050102250
8050176200
4050033430
3050264710
6050870370
4050462930
3050511770
7050612640
2050085520
2050026060
1051145090
1051548760
9050010550
5050591050
1050695300
4050783120
2050427390
2050067740
8050252760
5050061660
7050136320
1050873650
7050192420
7050632150
1050845900
4050744390
2050524800
1051156950
1051266020
4050124220
4050748300
7050022270
3050496490
5050431700
7050022840
1051479650
1051115400
1050644790
1050915980
3050447680
1051478700
1051533240
3050477800
4050095270
1051157490
2050026550
4050978600
6050285990
4051073830
6050285930
4050186800
7050707810
1051515780
1050843030
3050496590
1050020570
4051092530
7050049270
1050603890
3050483980
3050441450
7050220180
2050309610
4050234430
3050239130
1050040210
4050007410
6050134450
5050065600
6050102330
3050006250
8050018120
7050343690
6050852400
6050345000
5050056740
6050016760
6050018850
1051629370
4050865930
7050627570
3050411580
1050722570
5050456070
7050566090
4051108580
6050752470
4050050260
6050721310
1051259950
6050510890
4050694190
7050629520
1051213640
3050010470
4050545690
1050734190
5050491370
4050794730
3050203170
3050481940
4050095320
6050458930
6050272470
7050024290
1050577750
1050635020
4050427010
4050563950
1051515680
3050460810
2050810010
2050309560
6050019090
7050394690
1051457490
4050783330
6050481670
4050748310
5050524870
1050667360
4050534090
8050141480
6050084790
5050491510
3050664370
4050627620
1050843040
2050416550
8050307300
1051139500
3050369320
2050043720
5050491380
1050023300
7050192430
1051453310
7050014930
4050438030
3050441670
4050012990
1051923540
4050027940
1050668450
4050773130
6050728580
4050794590
1051548260
2050439160
1051626210
5050491500
1050644920
3050437120
4050416430
4050136170
2050548500
4051071310
4050884290
1050722720
4050225300
6050466150
2050439790
2050448220
4050094220
8050176060
2050454840
7050633600
7050392520
6050262490
4051080120
1051533130
4050694350
7050569650
6050449500
4050431380
1050633540
1051125060
3050452730
6050266340
6050084460
7050675400
4050549620
8050264770
4051100360
2050332820
8050266430
6050738870
5050087590
1050695700
1051144990
5050533450
2050815340
6050443080
1050800150
6050441330
3050406840
2050555600
1051451550
2050816600
4050886350
1051624330
3050639250
4050879050
6050752460
2050459250
4050416190
6050084040
4050092770
7050159850
3050423220
4050033640
4050900680
3050416640
6050450410
8050183880
2050491980
4050223260
2050557720
1051576090
1050741300
1050798250
1050040200
7050426310
3050439400
7050612840
7050431350
2050469820
7050134100
6050759380
4050009880
3050545290
1050040190
2050007930
2050575490
2050347360
6050084190
7050707710
1050631860
6050079310
4050050230
4050448990
4050538040
2050817830
7050008710
1051115330
1050008100
6050762760
6050411450
6050250260
4051108500
5050591010
8050271000
1050664470
3050483500
2050816390
4050956230
8050005510
2050569550
4050531200
1051438860
1051620260
3050411570
7050132960
6050075390
2050816860
4050416000
3050399940
1051584780
7050494360
7050639300
4050548370
4050094810
1050742220
6050011780
7050022240
2050377980
2050501810
1050012590
6050345180
3050387130
1050606740
6050774150
7050647770
1051431680
2050421370
3050345400
5050073410
6050262110
6050793610
2050557390
6050263530
3050402820
1050747640
2050006590
4051128230
2050543160
8050272020
1050645320
4050114730
1051129350
2050828780
1050015850
6050261280
4050603570
1051142510
4050960200
1050583270
4050136250
3050483880
7050439770
4050496830
6050344540
6050007950
4050452670
4050475000
6050814830
6050004470
6050816240
8050269310
4050975150
2050068680
1050565160
4050148900
7050668250
4050627250
7050434190
2050073570
7050402430
1051431940
4051144860
2050008490
3050455600
3050331330
3050403320
1050755820
4050025450
7050374950
4050007850
1050601190
1051156960
4050150470
6050816640
7050682120
6050241280
1050526970
6050837910
3050284900
6050238750
8050252610
3050423840
4050017020
3050386120
1050513450
8050243400
4050484760
1050571730
3050378520
4050475930
1051174960
1050760280
1051430860
4050154410
7050686540
7050741770
7050034520
3050414790
1050827040
6050849780
6050870380
6050239720
6050007000
8050231700
6050879900
3050391370
4050185380
3050243450
4050186730
3050299510
3050369500
8050196780
1051213630
1050514530
4050482720
1050027410
3050203310
7050047060
4050449990
6050887140
1051443680
1050845560
1051228520
3050264560
3050337380
6050887830
4050169390
8050194590
1051447780
3050309060
1050506700
3050273590
3050001840
4050274280
4050050210
1051244040
3050238580
3050235530
1050870170
1050892990
1050349490
1051251800
4050165470
8050183170
3050150910
1051472430
1050909890
6050892920
1051262460
1050022420
3050216320
1050034260
6050016970
4050050220
1050011660
4050150570
4050128810
8050164290
1050020040
3050145330
4050098950
8050148510
3050202600
4050000880
8050122010
3050193540
3050108480
3050009130
3050143180
8050112350
8050009560
3050102000
